[IMG_20260110_132338.jpg]
filters=finetune2=1,0.000000,0.101053,0.053333,00000000,0.000000;
moddate=869b185552cadc01
width=4000
height=2250
textactive=0
[IMG_1_20260110_132327.jpg]
filters=finetune2=1,0.000000,0.047719,0.056140,00000000,0.000000;
moddate=93befa6852cadc01
width=4000
height=2250
textactive=0
